1 1
2 1
3 1
4 1
5 1
6 1
7 1
8 1
9 1
10 1
11 1
12 1
12 2
12 3
13 3
13 4
14 4
14 5
14 6
14 7
15 7
16 7
17 7
18 7
19 7
20 7
21 7
22 7
23 7
24 7
25 7
26 7
27 7
28 7
29 7
30 7
31 7
31 8
31 9
31 10
32 10
33 10
34 10
35 10
35 11
36 11
37 11
38 11
38 12
39 12
39 13
40 13
41 13
42 13
43 13
44 13
45 13
46 13
47 13
47 14
47 15
48 15
48 16
49 16
49 17
50 17
51 17
52 17
52 18
52 19
52 20
52 21
52 22
52 23
53 23
54 23
55 23
56 23
57 23
58 23
59 23
60 23
61 23
62 23
62 24
63 24
63 25
63 26
63 27
63 28
64 28
64 29
64 30
64 31
64 32
65 32
65 33
66 33
67 33
68 33
69 33
70 33
71 33
72 33
73 33
74 33
75 33
75 34
75 35
75 36
75 37
75 38
75 39
75 40
75 41
75 42
75 43
75 44
75 45
75 46
76 46
77 46
77 47
78 47
79 47
80 47
81 47
81 48
81 49
82 49
82 50
82 51
83 51
83 52
83 53
83 54
83 55
83 56
83 57
84 57
85 57
86 57
86 58
87 58
88 58
89 58
89 59
89 60
89 61
89 62
89 63
89 64
89 65
89 66
90 66
90 67
90 68
90 69
90 70
91 70
91 71
91 72
91 73
92 73
93 73
93 74
93 75
93 76
93 77
93 78
93 79
94 79
95 79
96 79
96 80
96 81
97 81
97 82
97 83
97 84
98 84
98 85
98 86
98 87
98 88
98 89
97 89
96 89
96 90
96 91
