35 35
34 35
35 34
33 35
35 33
32 35
33 34
31 35
33 33
32 33
33 32
31 33
33 31
30 33
32 31
34 31
29 33
31 31
35 31
29 34
30 31
31 30
29 35
29 31
31 29
28 31
32 29
27 31
33 29
26 31
27 32
33 28
25 31
27 33
33 27
25 30
26 33
27 34
32 27
34 27
33 26
25 29
25 33
27 35
31 27
35 27
33 25
26 35
30 27
35 28
32 25
33 24
25 35
29 27
35 29
31 25
33 23
29 28
30 25
31 24
34 23
33 22
29 29
29 25
31 23
35 23
33 21
28 29
29 24
35 22
35 24
33 20
27 29
29 23
35 21
35 25
33 19
28 23
29 22
35 20
33 18
27 23
29 21
35 19
33 17
27 24
28 21
30 21
33 16
27 25
27 21
31 21
33 15
32 15
34 15
33 14
31 15
35 15
33 13
31 16
35 16
32 13
31 17
35 17
31 13
30 17
31 18
29 17
31 19
29 16
29 15
28 15
29 14
27 15
29 13
26 15
25 15
24 15
23 15
23 14
23 16
23 17
24 17
23 18
25 17
23 19
26 17
24 19
23 20
27 17
25 19
23 21
27 18
22 21
24 21
27 19
21 21
25 21
28 19
21 22
25 22
29 19
21 23
25 23
21 24
24 23
25 24
21 25
23 23
25 25
23 24
25 26
23 25
25 27
23 26
26 27
23 27
27 27
22 27
21 27
21 28
21 29
22 29
23 29
23 30
23 31
22 31
23 32
21 31
23 33
20 31
23 34
19 31
23 35
18 31
22 35
17 31
21 35
16 31
17 32
21 34
15 31
17 33
21 33
16 33
17 34
20 33
15 33
17 35
19 33
16 35
19 34
15 35
19 35
14 35
13 35
12 35
13 34
11 35
13 33
10 35
9 35
8 35
7 35
6 35
7 34
5 35
7 33
5 34
8 33
5 33
9 33
4 33
10 33
9 32
3 33
11 33
9 31
2 33
3 34
8 31
9 30
1 33
3 35
7 31
9 29
1 32
2 35
6 31
8 29
10 29
1 31
1 35
5 31
7 29
11 29
1 30
4 31
12 29
1 29
3 31
13 29
14 29
13 30
15 29
13 31
16 29
15 28
12 31
17 29
15 27
11 31
16 27
17 27
18 27
19 27
19 26
19 28
19 25
19 29
18 25
17 25
16 25
17 24
15 25
17 23
14 25
17 22
13 25
17 21
12 25
13 24
13 26
16 21
18 21
17 20
11 25
13 23
13 27
15 21
19 21
17 19
10 25
11 26
14 21
15 20
15 22
19 22
17 18
9 25
11 27
13 21
15 19
15 23
19 23
17 17
8 25
9 26
13 20
16 17
17 16
7 25
9 27
13 19
15 17
17 15
6 25
7 24
7 26
13 18
18 15
17 14
5 25
7 23
7 27
13 17
19 15
17 13
4 25
6 27
19 16
16 13
18 13
17 12
3 25
5 27
19 17
15 13
19 13
17 11
2 25
3 26
5 28
19 18
15 12
15 14
18 11
17 10
1 25
3 27
5 29
19 19
15 11
15 15
19 11
17 9
1 26
3 28
20 19
14 15
16 9
1 27
3 29
21 19
13 15
15 9
12 15
13 14
14 9
11 15
13 13
13 9
10 15
12 13
13 8
13 10
9 15
11 13
13 7
13 11
9 16
14 7
9 17
15 7
10 17
9 18
16 7
11 17
9 19
17 7
10 19
9 20
11 19
9 21
11 20
8 21
11 21
7 21
11 22
6 21
7 20
11 23
5 21
7 19
10 23
4 21
5 22
9 23
3 21
5 23
2 21
3 20
3 22
1 21
3 19
3 23
1 20
1 22
4 19
1 19
1 23
5 19
1 18
1 17
2 17
1 16
3 17
1 15
4 17
2 15
1 14
5 17
3 15
1 13
4 15
3 14
5 15
3 13
6 15
3 12
7 15
3 11
7 16
2 11
4 11
3 10
7 17
1 11
5 11
3 9
6 11
5 12
2 9
7 11
5 13
1 9
7 10
7 12
7 9
7 13
6 9
8 13
5 9
9 13
9 12
9 11
10 11
9 10
11 11
9 9
10 9
9 8
11 9
9 7
11 8
9 6
11 7
9 5
11 6
9 4
11 5
9 3
12 5
8 3
10 3
9 2
13 5
7 3
11 3
9 1
7 2
7 4
12 3
10 1
7 1
7 5
13 3
11 1
6 1
6 5
7 6
14 3
12 1
5 1
5 5
7 7
15 3
13 1
5 2
4 5
6 7
16 3
15 2
15 4
5 3
3 5
5 7
17 3
15 1
15 5
3 4
3 6
18 3
16 1
16 5
3 3
3 7
19 3
17 1
17 5
3 2
19 2
19 4
3 1
19 1
19 5
2 1
20 5
19 6
1 1
21 5
19 7
1 2
22 5
20 7
1 3
23 5
21 7
1 4
24 5
23 4
21 8
1 5
25 5
23 3
21 9
1 6
25 6
24 3
20 9
21 10
1 7
25 7
25 3
19 9
21 11
26 7
26 3
22 11
21 12
27 7
27 3
23 11
21 13
27 4
24 11
23 10
23 12
21 14
27 5
25 11
23 9
21 15
28 5
26 11
25 10
25 12
23 8
21 16
29 5
27 11
25 9
25 13
23 7
21 17
30 5
29 4
29 6
27 10
26 13
31 5
29 3
29 7
27 9
27 13
30 3
29 2
28 9
31 3
29 1
29 9
32 3
28 1
29 10
33 3
27 1
29 11
34 3
33 2
26 1
30 11
35 3
33 1
25 1
31 11
32 1
34 1
24 1
32 11
31 1
35 1
