1 34
2 34
1 33
3 34
1 32
3 33
1 31
3 32
1 30
3 31
1 29
3 30
1 28
4 30
1 27
5 30
1 26
5 31
1 25
5 32
2 25
1 24
5 33
3 25
1 23
5 34
3 26
1 22
6 34
3 27
1 21
7 34
4 27
1 20
7 33
5 27
1 19
7 32
6 27
1 18
7 31
6 26
1 17
7 30
6 25
1 16
8 30
7 29
6 24
1 15
9 30
5 24
1 14
9 31
5 23
1 13
9 32
5 22
1 12
9 33
5 21
1 11
9 34
5 20
1 10
10 34
6 20
5 19
1 9
11 34
7 20
6 19
5 18
1 8
11 33
8 20
5 17
1 7
11 32
8 21
4 17
5 16
1 6
11 31
8 22
3 17
5 15
1 5
11 30
8 23
3 16
5 14
1 4
12 30
11 29
8 24
3 15
6 14
5 13
1 3
13 30
8 25
3 14
7 14
5 12
1 2
14 30
13 31
8 26
3 13
7 15
4 12
6 12
1 1
14 31
13 32
8 27
3 12
7 16
7 12
2 1
13 33
9 27
7 17
7 11
3 1
13 34
10 27
8 17
7 10
4 1
14 34
11 27
9 17
6 10
5 1
15 34
12 27
9 16
5 10
6 1
16 34
13 27
9 15
4 10
7 1
16 33
14 27
9 14
3 10
8 1
16 32
15 27
9 13
3 9
9 1
16 31
16 27
15 26
9 12
3 8
10 1
16 30
16 28
15 25
9 11
4 8
10 2
16 29
15 24
10 11
5 8
10 3
15 23
11 11
6 8
10 4
15 22
11 10
7 8
9 4
15 21
11 9
8 8
8 4
15 20
11 8
9 8
7 4
15 19
11 7
9 7
6 4
7 3
15 18
11 6
9 6
5 4
15 17
12 6
8 6
4 4
15 16
12 5
7 6
3 4
15 15
12 4
6 6
3 5
14 15
15 14
12 3
5 6
3 6
13 15
15 13
12 2
4 6
13 16
15 12
12 1
13 17
15 11
13 1
13 18
15 10
14 1
13 19
16 10
14 2
12 19
13 20
16 9
14 3
11 19
13 21
16 8
14 4
10 19
11 18
12 21
16 7
14 5
10 20
11 17
12 22
16 6
14 6
10 21
11 16
12 23
16 5
14 7
10 22
11 15
12 24
16 4
14 8
10 23
11 14
11 24
16 3
13 8
10 24
11 13
16 2
13 9
12 13
16 1
