1 34
2 34
1 33
3 34
1 32
3 33
1 31
3 32
1 30
3 31
1 29
3 30
1 28
4 30
1 27
5 30
1 26
5 31
1 25
5 32
2 25
1 24
5 33
3 25
1 23
5 34
3 26
1 22
6 34
3 27
1 21
7 34
4 27
1 20
7 33
5 27
1 19
7 32
6 27
1 18
7 31
6 26
1 17
7 30
6 25
1 16
8 30
7 29
6 24
1 15
9 30
5 24
1 14
9 31
5 23
1 13
9 32
5 22
1 12
9 33
5 21
1 11
9 34
5 20
1 10
10 34
6 20
5 19
1 9
11 34
6 19
5 18
1 8
11 33
5 17
1 7
11 32
4 17
5 16
1 6
11 31
3 17
5 15
1 5
11 30
3 16
5 14
1 4
12 30
11 29
3 15
6 14
5 13
1 3
13 30
3 14
7 14
5 12
1 2
14 30
13 31
3 13
7 15
4 12
6 12
1 1
14 31
13 32
3 12
7 16
7 12
2 1
13 33
7 17
7 11
3 1
13 34
7 10
4 1
14 34
6 10
5 1
15 34
5 10
6 1
16 34
4 10
7 1
16 33
3 10
8 1
16 32
3 9
9 1
16 31
3 8
10 1
16 30
4 8
10 2
16 29
5 8
10 3
6 8
10 4
7 8
9 4
8 8
8 4
9 8
7 4
9 7
6 4
7 3
9 6
5 4
8 6
4 4
7 6
3 4
6 6
3 5
5 6
3 6
4 6
