1 1
2 1
3 1
4 1
3 2
5 1
6 1
5 2
7 1
6 2
5 3
8 1
7 2
6 3
4 3
5 4
9 1
8 2
7 3
4 4
5 5
10 1
9 2
8 3
7 4
4 5
6 5
11 1
10 2
9 3
7 5
6 6
12 1
11 2
10 3
9 4
6 7
13 1
12 2
11 3
10 4
9 5
5 7
7 7
6 8
12 3
11 4
10 5
9 6
4 7
5 8
8 7
6 9
13 3
12 4
11 5
10 6
9 7
4 8
8 8
6 10
13 4
11 6
10 7
9 8
3 8
4 9
8 9
7 10
14 4
13 5
12 6
11 7
10 8
9 9
3 9
4 10
7 11
15 4
14 5
13 6
12 7
10 9
9 10
2 9
3 10
4 11
7 12
15 3
15 5
14 6
13 7
12 8
11 9
9 11
2 10
3 11
5 11
4 12
6 12
8 12
16 3
15 2
14 7
13 8
12 9
11 10
10 11
9 12
1 10
2 11
3 12
5 12
4 13
8 13
16 2
14 2
15 1
15 7
13 9
12 10
11 11
10 12
1 11
2 12
3 13
5 13
4 14
8 14
17 2
16 1
16 7
15 8
12 11
11 12
10 13
1 12
3 14
5 14
7 14
9 14
8 15
17 1
17 7
16 8
13 11
12 12
10 14
1 13
2 14
3 15
6 14
5 15
7 15
8 16
18 1
18 7
17 6
16 9
14 11
13 12
10 15
2 15
6 15
7 16
9 16
19 1
19 7
18 6
18 8
17 5
17 9
16 10
15 11
14 12
13 13
11 15
10 16
1 15
7 17
9 17
20 1
19 2
20 7
19 6
19 8
18 5
17 10
15 10
16 11
15 12
14 13
13 14
12 15
11 16
10 17
6 17
7 18
9 18
21 1
19 3
21 7
20 6
20 8
19 5
19 9
18 4
15 13
14 14
12 16
10 18
5 17
8 18
7 19
18 3
20 3
19 4
22 7
21 6
21 8
20 5
20 9
19 10
15 14
14 15
13 16
12 17
11 18
10 19
4 17
5 18
8 19
6 19
7 20
21 3
20 4
23 7
22 6
22 8
21 9
20 10
19 11
15 15
14 16
13 17
12 18
11 19
3 17
4 16
4 18
5 19
8 20
6 20
7 21
22 3
21 4
24 7
23 6
22 5
21 10
20 11
15 16
12 19
11 20
2 17
4 19
9 20
8 21
6 21
7 22
23 3
22 2
22 4
25 7
24 6
24 8
23 5
22 10
21 11
20 12
16 16
15 17
13 19
12 20
11 21
2 18
4 20
9 21
8 22
5 21
24 3
23 4
26 7
25 8
24 5
24 9
23 10
22 11
20 13
17 16
16 17
15 18
11 22
1 18
3 20
8 23
25 3
24 2
27 7
26 6
26 8
23 9
24 10
23 11
19 13
20 14
17 15
17 17
16 18
14 18
15 19
10 22
12 22
11 23
2 20
3 21
9 23
26 3
25 2
25 4
28 7
27 6
27 8
26 5
26 9
25 10
24 11
18 13
18 17
17 18
16 19
10 23
13 22
11 24
1 20
2 21
3 22
9 24
27 3
26 2
25 1
29 7
28 8
27 5
27 9
25 11
18 12
18 14
19 17
18 18
16 20
10 24
14 22
13 23
12 24
1 21
4 22
3 23
9 25
28 3
27 4
26 1
30 7
29 8
28 5
26 11
25 12
17 12
19 16
19 18
18 19
17 20
16 21
10 25
15 22
14 23
12 25
1 22
4 23
3 24
8 25
9 26
29 3
28 2
28 4
27 1
31 7
30 6
30 8
29 9
29 5
27 11
26 12
25 13
19 15
20 18
19 19
18 20
17 21
15 21
10 26
14 24
1 23
5 23
4 24
3 25
7 25
8 26
9 27
30 3
29 2
29 4
32 7
31 6
31 8
29 10
28 11
27 12
26 13
24 13
25 14
21 18
19 20
18 21
17 22
10 27
15 24
14 25
1 24
6 23
4 25
2 25
6 25
7 26
8 27
9 28
30 2
30 4
29 1
32 6
32 8
31 5
31 9
30 10
28 12
27 13
26 14
24 14
25 15
21 17
21 19
20 20
19 21
18 22
17 23
16 24
15 25
14 26
6 24
5 25
4 26
2 26
7 27
8 28
9 29
31 2
30 1
31 4
33 6
32 5
33 8
31 10
30 11
29 12
27 14
26 15
23 14
24 15
25 16
22 17
21 16
21 20
18 23
16 23
16 25
15 26
13 26
14 27
5 26
1 26
2 27
6 27
7 28
8 29
9 30
32 2
31 1
34 6
32 10
30 12
29 13
28 14
27 15
23 15
23 17
22 16
21 15
22 20
21 21
18 24
17 25
13 27
14 28
5 27
1 27
3 27
2 28
6 28
7 29
8 30
10 30
33 2
32 1
32 3
35 6
34 5
33 10
32 11
31 12
30 13
29 14
28 15
27 16
23 16
23 18
23 20
22 21
21 22
19 24
18 25
17 26
12 27
15 28
14 29
5 28
1 28
3 28
2 29
6 29
8 31
11 30
10 31
34 2
33 1
33 3
36 6
35 5
35 7
34 4
34 10
33 11
32 12
30 14
28 16
27 17
24 20
23 21
22 22
20 22
21 23
20 24
18 26
16 28
15 29
14 30
4 28
5 29
1 29
3 29
2 30
6 30
8 32
12 30
11 31
35 2
34 1
34 3
37 6
36 5
36 7
35 4
35 8
35 10
34 9
34 11
33 12
32 13
31 14
30 15
28 17
26 17
25 20
24 21
23 22
22 23
21 24
17 28
16 29
15 30
4 29
5 30
1 30
3 30
2 31
6 31
9 32
8 33
12 29
12 31
11 32
36 2
38 6
37 5
37 7
36 4
36 8
35 11
34 12
33 13
30 16
29 17
28 18
26 20
25 19
25 21
24 22
23 23
22 24
18 28
17 29
16 30
15 31
4 30
5 31
1 31
3 31
2 32
6 32
9 33
8 34
13 31
11 33
37 2
36 3
38 5
38 7
37 8
36 9
36 11
35 12
34 13
33 14
31 16
30 17
28 19
26 19
26 21
25 18
25 22
23 24
22 25
19 28
18 29
17 30
16 31
15 32
4 31
5 32
1 32
3 32
6 33
10 33
7 34
8 35
13 32
12 33
38 2
37 3
39 5
38 4
39 7
38 8
37 11
36 12
35 13
32 16
31 17
27 19
29 19
28 20
26 22
25 23
24 24
23 25
22 26
20 28
19 27
19 29
18 30
17 31
14 32
15 33
5 33
3 33
6 34
10 34
7 35
8 36
13 33
39 2
38 1
40 5
39 4
39 8
38 9
38 11
37 10
37 12
36 13
35 14
33 16
32 15
32 17
31 18
29 20
28 21
27 22
26 23
24 25
23 26
22 27
20 27
20 29
19 30
17 32
14 33
16 33
4 33
5 34
3 34
10 35
7 36
9 36
8 37
13 34
40 2
39 1
41 5
40 4
40 6
40 8
38 10
38 12
36 14
35 15
34 16
33 17
32 18
31 19
29 21
28 22
26 24
23 27
22 28
20 26
21 29
20 30
19 31
17 33
14 34
16 34
5 35
2 34
3 35
11 35
10 36
6 36
9 37
8 38
13 35
41 2
40 1
40 3
42 5
41 4
41 6
41 8
40 9
39 10
39 12
38 13
37 14
36 15
34 17
31 20
28 23
27 24
26 25
22 29
21 30
20 31
19 32
18 33
17 34
14 35
16 35
4 35
5 36
2 35
3 36
12 35
10 37
6 37
9 38
7 38
8 39
13 36
42 2
41 3
43 5
42 4
41 7
42 8
40 10
39 13
38 14
37 15
36 16
35 17
34 18
32 20
31 21
29 23
27 25
26 26
23 29
18 34
14 36
4 36
5 37
1 35
2 36
3 37
12 36
11 37
10 38
6 38
9 39
7 39
42 1
44 5
43 4
43 6
42 7
43 8
42 9
41 10
40 13
39 14
38 15
37 16
36 17
35 18
34 19
33 20
32 21
30 23
29 24
28 25
27 26
25 26
26 27
24 29
23 30
19 34
18 35
15 36
14 37
4 37
5 38
2 37
3 38
12 37
11 38
10 39
6 39
7 40
45 5
44 4
44 6
43 7
44 8
43 9
42 10
41 11
41 13
39 15
37 17
36 18
35 19
33 19
34 20
33 21
32 22
31 23
30 22
30 24
27 27
25 27
26 28
25 29
24 28
23 31
20 34
15 37
4 38
5 39
3 39
12 38
11 39
6 40
7 41
45 4
44 3
44 7
45 8
44 9
42 11
41 12
42 13
41 14
40 15
38 17
37 18
36 19
35 20
33 22
32 23
31 24
30 25
27 28
26 29
25 30
22 31
24 31
23 32
21 34
20 33
20 35
16 37
15 38
5 40
2 39
13 38
11 40
6 41
8 41
46 4
45 3
44 2
46 8
45 9
44 10
43 11
42 12
43 13
42 14
41 15
40 16
38 18
37 19
35 21
34 22
33 23
32 24
31 25
30 26
28 28
27 29
26 30
22 32
23 33
22 34
21 33
21 35
20 36
17 37
16 38
15 39
4 40
5 41
1 39
2 40
12 40
11 41
6 42
9 41
8 42
47 4
46 3
45 2
44 1
46 9
45 10
44 11
44 13
43 14
42 15
39 18
37 20
36 21
35 22
34 23
33 24
32 25
29 26
30 27
29 28
28 29
27 30
26 31
21 32
22 33
24 33
23 34
22 35
21 36
19 36
20 37
14 39
4 41
1 38
1 40
2 41
13 40
12 41
10 41
11 42
6 43
9 42
8 43
47 3
47 5
46 2
45 1
47 9
45 11
44 12
45 13
43 15
42 16
39 19
38 20
37 21
36 22
35 23
34 24
29 27
31 27
30 28
28 30
27 31
26 32
25 33
24 34
23 35
22 36
21 37
19 37
20 38
14 40
1 41
13 41
10 42
5 43
7 43
6 44
8 44
48 3
47 2
48 5
47 6
48 9
47 10
46 11
45 12
46 13
45 14
44 15
42 17
40 19
39 20
35 24
34 25
32 27
31 28
30 29
29 30
28 31
25 32
25 34
24 35
23 36
22 37
21 38
14 41
13 42
10 43
4 43
5 44
7 44
6 45
9 44
8 45
49 3
49 5
48 6
46 6
47 7
49 9
48 10
47 11
46 12
47 13
46 14
45 15
44 16
41 17
43 17
42 18
36 24
35 25
33 27
32 28
29 31
28 32
26 34
24 36
23 37
22 38
21 39
13 43
3 43
5 45
6 46
50 3
49 2
49 4
49 6
48 7
50 9
48 11
47 12
47 14
45 16
44 17
41 18
43 18
34 27
33 26
33 28
29 32
28 33
27 34
26 35
25 36
24 37
23 38
21 40
12 43
2 43
3 42
3 44
4 45
5 46
6 47
50 4
51 9
50 8
50 10
49 11
48 12
47 15
46 16
45 17
44 18
43 19
34 28
33 29
30 32
29 33
28 34
27 35
26 36
24 38
20 40
22 40
1 43
3 45
4 46
5 47
7 47
6 48
51 4
52 9
51 8
51 10
50 7
50 11
48 15
47 16
45 18
44 19
43 20
33 30
30 33
28 35
27 36
26 37
25 38
24 39
20 41
23 40
22 41
2 45
3 46
4 47
5 48
8 47
7 48
51 5
53 9
52 8
52 10
51 7
51 11
48 16
47 17
46 18
45 19
44 20
42 20
43 21
32 30
34 30
33 31
28 36
27 37
26 38
24 40
19 41
23 41
22 42
1 45
2 46
3 47
4 48
5 49
9 47
8 48
7 49
51 6
54 9
53 8
53 10
52 7
52 11
51 12
49 16
48 17
47 18
44 21
42 21
43 22
31 30
32 31
35 30
34 31
28 37
27 38
26 39
25 40
24 41
23 42
21 42
22 43
1 46
3 48
4 49
10 47
9 46
9 48
8 49
52 6
55 9
54 10
52 12
51 13
49 17
48 18
47 19
45 21
44 22
43 23
36 30
35 29
35 31
34 32
28 38
27 39
26 40
25 41
21 43
22 44
1 47
3 49
4 50
11 47
10 46
10 48
9 49
8 50
56 9
55 10
54 11
53 12
52 13
50 13
51 14
50 17
46 21
45 22
44 23
42 23
43 24
37 30
35 32
34 33
26 41
20 43
21 44
23 44
2 49
4 51
11 46
11 48
10 45
10 49
9 50
8 51
56 8
56 10
55 11
54 12
52 14
49 13
51 15
51 17
47 21
46 20
46 22
44 24
41 23
42 24
43 25
36 32
35 33
33 33
34 34
27 41
19 43
20 44
21 45
24 44
23 45
1 49
2 50
3 51
5 51
4 52
12 46
11 45
12 48
11 49
10 50
9 51
7 51
8 52
57 8
56 7
57 10
56 11
54 13
53 14
52 15
50 15
52 17
51 18
47 22
46 23
45 24
44 25
41 22
41 24
42 25
36 33
35 34
32 33
33 34
34 35
28 41
27 42
18 43
19 44
21 46
25 44
24 43
24 45
23 46
1 50
2 51
3 52
6 51
4 53
13 46
12 45
13 48
11 50
10 51
9 52
7 52
58 8
55 7
56 6
58 10
57 11
56 12
55 13
54 14
53 15
53 17
52 18
51 19
48 22
47 23
46 24
45 25
44 26
40 22
41 25
42 26
37 33
36 34
35 35
32 34
33 35
29 41
28 40
28 42
27 43
17 43
18 42
19 45
20 46
22 46
26 44
25 43
25 45
23 47
1 51
2 52
3 53
6 52
5 53
4 54
13 47
14 48
13 49
11 51
10 52
9 53
7 53
59 8
58 7
58 9
57 6
56 5
58 11
57 12
56 13
54 15
53 16
53 18
52 19
50 19
51 20
49 22
48 23
46 25
45 26
40 21
41 26
42 27
38 33
37 34
32 35
30 41
29 40
29 42
28 43
16 43
17 42
17 44
18 45
19 46
22 47
26 45
25 46
23 48
1 52
2 53
6 53
4 55
15 48
14 49
13 50
12 51
11 52
10 53
7 54
60 8
59 7
59 9
58 6
57 5
56 4
59 11
58 12
57 13
56 14
55 15
54 16
54 18
53 19
52 20
49 19
50 20
51 21
50 22
49 21
48 24
47 25
46 26
45 27
40 26
41 27
42 28
38 32
37 35
31 35
32 36
31 41
30 40
30 42
29 39
29 43
15 43
16 42
16 44
17 45
18 46
19 47
27 45
26 46
25 47
24 48
23 49
1 53
16 48
15 49
13 51
11 53
10 54
8 54
7 55
61 8
60 7
60 9
58 5
57 4
55 4
56 3
60 11
59 12
58 13
57 14
56 15
55 16
55 18
53 20
52 21
49 20
50 23
49 24
48 25
46 27
39 26
41 28
43 28
42 29
39 32
38 31
38 35
37 36
32 41
31 42
30 39
30 43
29 44
15 42
15 44
16 41
16 45
17 46
18 47
25 48
24 49
23 50
1 54
17 48
15 50
14 51
13 52
12 53
11 54
8 55
6 55
7 56
62 8
61 7
61 9
60 6
60 10
59 5
58 4
55 3
56 2
61 11
60 12
59 13
58 14
55 17
54 20
53 21
52 22
48 20
51 23
50 24
48 26
47 27
46 28
38 26
39 25
41 29
44 28
43 29
42 30
39 35
38 36
36 36
37 37
32 40
32 42
31 43
31 39
30 38
30 44
29 45
14 44
15 45
18 48
22 50
1 55
17 49
16 50
15 51
14 52
13 53
11 55
9 55
8 56
6 56
7 57
61 6
59 4
58 3
54 3
55 2
57 2
62 11
59 14
58 15
56 17
52 23
51 24
49 26
47 28
46 29
38 25
40 29
41 30
40 35
39 34
39 36
38 37
36 37
37 38
33 40
32 39
33 42
31 38
30 37
30 45
29 46
14 45
15 46
18 49
22 51
16 51
14 53
13 54
11 56
9 56
8 57
7 58
62 6
61 5
60 4
59 3
58 2
53 3
54 2
55 1
57 1
62 10
62 12
58 16
57 17
53 23
52 24
51 25
50 26
49 27
47 29
46 30
37 25
38 24
39 29
40 30
41 31
40 36
39 37
38 38
35 37
34 40
33 39
34 42
33 43
31 37
31 45
28 46
19 49
18 50
21 51
22 52
17 51
16 52
15 53
14 54
13 55
11 57
8 58
6 58
63 6
62 5
61 4
60 3
59 2
58 1
52 3
54 1
63 10
63 12
62 13
57 16
59 16
58 17
57 18
54 23
53 24
51 26
48 29
45 30
46 31
38 23
38 29
39 28
40 31
41 32
40 37
39 38
38 39
34 37
35 38
35 40
34 39
35 42
34 43
33 44
32 45
31 46
28 47
20 49
19 50
18 51
20 51
23 52
22 53
17 52
16 53
14 55
13 56
10 57
12 57
11 58
9 58
8 59
5 58
64 6
61 3
60 2
59 1
52 2
53 1
64 10
63 9
64 12
63 13
62 14
60 16
57 19
55 23
54 22
53 25
52 26
44 30
45 31
46 32
37 23
39 23
38 22
38 28
42 32
41 33
41 37
40 38
38 40
33 37
34 38
35 39
36 40
35 41
36 42
35 43
34 44
32 44
33 45
32 46
31 47
27 47
28 48
20 48
20 50
19 51
18 52
20 52
24 52
23 53
21 53
22 54
16 54
15 55
14 56
13 57
10 58
12 58
11 59
9 59
4 58
5 57
65 6
64 5
64 7
62 3
61 2
60 1
51 2
52 1
65 10
64 9
64 11
64 13
63 14
61 14
62 15
61 16
60 15
60 17
56 19
58 19
56 23
55 22
55 24
54 25
52 27
44 31
45 32
37 28
43 32
42 33
40 33
41 38
40 39
37 40
38 41
36 39
36 41
37 42
36 43
35 44
34 45
33 46
30 47
27 48
29 48
28 49
21 48
19 52
20 53
24 51
24 53
23 54
21 54
22 55
17 54
16 55
15 56
14 57
10 59
12 59
11 60
9 60
3 58
4 57
4 59
65 7
64 4
64 8
62 2
61 1
51 1
66 10
65 9
65 13
64 14
63 15
62 16
61 17
56 20
59 19
58 20
57 23
56 22
55 21
55 25
54 26
53 27
52 28
43 31
44 32
45 33
43 33
42 34
42 38
41 39
37 41
39 41
38 42
37 43
36 44
35 45
34 46
33 47
30 48
29 49
28 50
19 53
20 54
25 51
21 55
22 56
18 54
17 55
16 56
15 57
14 58
13 59
12 60
11 61
9 61
3 57
4 60
66 7
65 4
63 2
62 1
50 1
67 10
66 9
66 11
66 13
64 15
63 16
61 18
56 21
59 18
59 20
58 21
58 23
57 22
57 24
54 27
53 28
51 28
44 33
45 34
43 34
43 38
42 39
41 40
40 41
39 42
38 43
37 44
36 45
35 46
33 48
27 50
20 55
21 56
22 57
18 55
17 56
16 57
14 59
13 60
12 61
11 62
8 61
9 62
3 56
5 60
4 61
67 7
66 8
66 4
65 3
68 10
67 9
67 11
66 12
66 14
65 15
64 16
63 17
61 19
57 21
60 20
59 21
58 22
59 23
57 25
54 28
50 28
51 29
44 34
45 35
43 35
44 38
43 37
41 41
40 42
39 43
38 44
37 45
36 46
35 47
32 48
34 48
19 55
20 56
18 56
17 57
16 58
15 59
14 60
13 61
11 63
7 61
8 62
9 63
2 56
5 61
3 61
4 62
68 7
67 6
67 4
66 3
66 5
65 2
69 10
68 11
67 12
66 15
64 17
63 18
61 20
60 21
59 22
60 23
58 25
55 28
54 29
50 29
51 30
44 35
46 35
45 36
43 36
45 38
44 37
44 39
42 41
41 42
40 43
39 44
38 45
37 46
36 47
35 48
32 49
20 57
18 57
17 58
14 61
13 62
10 63
11 64
7 60
7 62
8 63
9 64
5 62
3 62
69 7
68 6
68 8
67 5
68 4
67 3
66 2
70 10
69 9
68 12
66 16
63 19
61 21
60 22
61 23
60 24
58 26
56 28
55 29
50 30
52 30
44 36
47 35
46 36
45 37
46 38
45 39
44 40
43 41
41 43
40 44
38 46
37 47
32 50
19 57
20 58
18 58
15 61
14 62
13 63
10 64
12 64
6 62
8 64
2 62
3 63
70 7
69 8
69 4
68 3
67 2
66 1
71 10
70 11
68 13
66 17
63 20
62 21
61 22
62 23
61 24
60 25
58 27
57 28
56 27
56 29
49 30
50 31
53 30
48 35
47 36
46 37
47 38
46 39
45 40
43 40
44 41
42 43
40 45
38 47
31 50
33 50
32 51
19 58
21 58
18 59
16 61
15 62
14 63
13 64
10 65
6 63
7 64
8 65
1 62
2 63
71 7
70 6
70 4
69 3
69 5
68 2
67 1
71 9
71 11
70 12
69 13
68 14
67 17
66 18
64 20
62 22
62 24
61 25
60 26
57 27
59 27
57 29
56 30
49 31
50 32
49 35
48 34
47 37
48 38
45 41
44 42
43 43
42 44
41 45
40 46
39 47
38 48
30 50
31 51
34 50
33 51
18 60
16 62
15 63
13 65
10 66
6 64
7 65
1 61
72 7
71 6
71 8
70 3
69 2
68 1
72 9
72 11
71 12
70 13
69 14
68 15
68 17
67 18
65 18
66 19
65 20
64 21
63 22
63 24
62 25
60 27
58 29
56 31
51 32
50 33
49 34
49 36
48 33
48 37
49 38
48 39
46 41
45 42
44 43
43 44
42 45
41 46
40 47
39 48
38 49
30 51
35 50
33 52
17 60
19 60
18 61
17 62
14 65
13 66
11 66
5 64
6 65
7 66
1 60
73 7
72 8
71 5
71 3
73 11
71 13
70 14
69 15
69 17
67 19
65 19
66 20
65 21
64 22
64 24
63 25
62 26
61 27
60 28
57 31
52 32
51 33
49 33
50 34
50 36
49 37
47 33
48 32
50 38
49 39
48 40
47 41
46 42
45 43
44 44
42 46
39 49
37 49
38 50
29 51
30 52
36 50
35 51
34 52
33 53
20 60
19 61
15 65
14 66
12 66
11 67
4 64
5 65
6 66
2 60
1 59
73 6
73 8
72 5
71 2
74 11
73 10
73 12
72 13
70 15
69 16
68 19
67 20
66 21
64 23
65 24
64 25
63 26
62 27
61 28
60 29
58 31
57 32
53 32
52 33
51 34
51 36
50 37
51 38
50 39
49 40
47 40
48 41
47 42
45 44
39 50
36 49
30 53
35 52
32 53
33 54
21 60
20 61
16 65
15 66
14 67
11 68
4 65
6 67
2 59
1 58
74 6
73 5
74 8
72 4
71 1
74 12
72 14
71 15
70 16
69 19
67 21
66 22
65 23
66 24
63 27
62 28
61 29
60 30
58 32
57 33
54 32
53 33
52 34
51 35
52 36
51 37
51 39
50 40
48 42
47 43
40 50
39 51
29 53
30 54
36 52
32 54
34 54
33 55
21 61
20 62
17 65
16 64
16 66
15 67
14 68
10 68
12 68
4 66
6 68
1 57
75 6
73 4
70 1
74 13
73 14
72 15
71 16
69 20
68 21
67 22
66 23
67 24
66 25
63 28
61 30
59 30
60 31
59 32
58 33
55 32
54 31
53 36
52 37
52 39
51 40
50 41
48 43
41 50
40 51
28 53
29 54
31 54
30 55
37 52
32 55
35 54
34 55
33 56
22 61
20 63
18 65
17 64
17 66
16 67
13 68
14 69
9 68
10 69
12 69
3 66
4 67
5 68
7 68
6 69
75 7
74 4
73 3
75 13
72 16
71 17
70 20
69 21
68 22
67 23
68 24
67 25
66 26
64 28
63 29
62 30
61 31
59 33
58 34
55 33
54 36
53 35
53 37
53 39
52 40
51 41
50 42
48 44
42 50
41 51
40 52
27 53
28 54
31 55
30 56
38 52
37 51
37 53
32 56
36 54
34 56
33 57
23 61
22 62
20 64
18 66
17 67
16 68
13 69
15 69
14 70
8 68
9 67
9 69
10 70
12 70
2 66
4 68
5 69
6 70
76 7
74 3
76 13
75 14
73 16
72 17
71 18
69 22
68 23
69 24
68 25
67 26
65 26
66 27
65 28
64 29
63 30
62 31
61 32
60 33
59 34
55 34
55 36
54 35
54 37
53 38
54 39
53 40
52 41
51 42
49 44
48 45
43 50
42 49
42 51
41 52
40 53
26 53
28 55
31 56
30 57
32 57
35 56
34 57
33 58
24 61
23 60
23 62
22 63
20 65
19 66
18 67
17 68
13 70
14 71
8 67
8 69
11 70
12 71
1 66
2 65
2 67
3 68
4 69
7 70
77 7
76 8
75 3
77 13
76 14
74 16
73 17
72 18
70 18
71 19
69 23
69 25
68 26
65 27
66 28
65 29
64 30
63 31
62 32
61 33
60 34
56 34
56 36
55 37
54 38
55 39
54 40
53 41
52 42
50 44
49 45
47 45
48 46
43 49
43 51
42 48
42 52
41 53
26 52
26 54
27 55
28 56
30 58
36 56
35 57
34 58
33 59
25 61
24 60
24 62
23 59
23 63
20 66
19 67
18 68
17 69
13 71
15 71
14 72
11 71
12 72
1 65
1 67
2 68
4 70
7 71
76 9
76 3
75 2
78 13
77 12
77 14
75 16
74 15
74 17
73 18
70 23
70 25
68 27
67 28
66 29
64 31
63 32
62 33
61 34
60 35
57 36
56 37
55 38
54 41
53 42
52 43
51 44
50 45
49 46
47 46
48 47
44 51
43 52
41 48
42 53
41 54
27 56
28 57
29 58
31 58
30 59
37 56
35 58
34 59
32 59
25 62
24 59
22 59
23 58
21 66
18 69
17 70
16 71
14 73
11 72
1 64
1 68
2 69
3 70
4 71
8 71
7 72
75 9
77 9
76 10
76 2
76 4
75 1
79 13
78 14
77 11
75 17
74 18
73 19
71 25
66 30
64 32
63 33
62 34
61 35
60 36
57 35
57 37
56 38
54 42
53 43
52 44
51 45
50 46
46 46
47 47
45 51
44 52
43 53
42 54
41 55
26 56
27 57
29 59
30 60
38 56
37 55
37 57
32 60
26 62
25 63
24 58
22 66
21 67
19 69
18 70
16 70
16 72
14 74
10 72
1 69
2 70
5 71
4 72
9 71
8 72
6 72
7 73
75 10
77 10
76 11
77 2
77 4
76 5
80 13
79 12
79 14
78 15
78 11
75 18
74 19
72 25
71 26
67 30
65 32
64 33
58 37
57 38
55 42
54 43
53 44
51 46
50 47
45 46
46 47
47 48
46 51
45 50
45 52
44 53
42 55
40 55
41 56
25 56
27 58
29 60
31 60
30 61
39 56
38 55
38 57
37 58
27 62
26 63
24 57
23 66
22 65
22 67
21 68
20 69
17 72
16 73
13 74
15 74
9 72
1 70
5 72
3 72
8 73
6 73
7 74
78 10
77 1
77 5
81 13
80 12
80 14
79 11
79 15
78 16
76 18
74 20
73 25
72 26
71 27
68 30
67 31
65 33
64 34
59 37
58 38
57 39
56 42
55 43
54 44
52 46
44 46
45 47
47 51
46 50
46 52
45 49
45 53
44 54
43 55
42 56
40 56
25 55
25 57
26 58
27 59
28 60
29 61
31 61
30 62
39 57
38 54
38 58
37 59
28 62
27 61
27 63
26 64
23 67
22 68
21 69
20 70
18 72
17 73
16 74
12 74
13 75
15 75
1 71
5 73
2 72
3 73
8 74
7 75
78 1
78 5
82 13
81 12
81 14
80 11
80 15
79 16
78 17
76 19
73 24
73 26
72 27
70 27
71 28
66 33
65 34
58 39
57 40
56 41
56 43
55 44
54 45
53 46
52 47
44 47
45 48
48 51
47 50
46 49
46 53
45 54
44 55
42 57
40 57
26 59
28 61
29 62
30 63
39 54
38 59
36 59
37 60
28 63
27 64
26 65
24 67
23 68
22 69
21 70
20 71
18 73
17 74
16 75
11 74
13 76
15 76
1 72
5 74
2 73
9 74
8 75
6 75
79 1
79 5
78 6
83 13
82 12
82 14
81 11
81 15
80 10
79 17
78 18
77 19
76 20
74 24
73 23
74 26
73 27
72 28
67 33
66 34
65 35
59 39
58 40
56 40
57 43
56 44
55 45
54 46
52 48
43 47
48 50
48 52
47 53
46 54
45 55
44 56
42 58
40 58
26 60
29 63
38 60
37 61
28 64
27 65
25 65
25 67
24 68
23 69
19 71
20 72
18 74
17 75
16 76
11 75
13 77
4 74
2 74
9 75
6 76
79 2
80 5
84 13
83 12
83 14
82 11
82 15
81 10
81 16
80 9
80 17
79 18
78 19
77 20
76 21
75 24
72 23
73 22
75 26
74 27
73 28
72 29
68 33
67 34
66 35
65 36
60 39
59 40
58 41
58 43
57 44
56 45
55 46
54 47
51 48
52 49
49 50
48 49
49 52
48 53
45 56
44 57
41 58
43 58
42 59
40 59
29 64
39 60
38 61
36 61
27 66
24 65
25 66
26 67
25 68
24 69
20 73
19 74
18 75
17 76
16 77
11 76
12 77
14 77
4 75
1 74
2 75
9 76
5 76
6 77
80 2
79 3
80 4
85 13
84 12
84 14
83 11
82 10
82 16
81 9
81 17
79 9
79 19
78 20
77 21
75 21
76 22
75 23
75 25
72 22
73 21
76 26
75 27
69 33
68 32
67 35
66 36
65 37
61 39
60 38
60 40
59 41
57 45
56 46
55 47
49 49
50 52
49 53
48 54
46 56
45 57
44 58
41 59
42 60
40 60
39 61
38 62
35 61
28 66
27 67
24 64
26 68
25 69
24 70
21 73
19 75
17 77
16 78
10 76
12 78
14 78
4 76
1 75
2 76
9 77
5 77
7 77
6 78
81 2
80 3
78 3
81 4
86 13
85 12
85 14
84 11
84 15
82 9
82 17
81 8
81 18
79 8
80 19
79 20
78 21
77 22
76 23
76 25
71 22
70 33
69 34
68 35
67 36
66 37
65 38
61 38
61 40
60 41
59 42
58 45
57 46
56 47
55 48
49 48
50 51
49 54
47 56
46 57
45 58
44 59
41 60
43 60
40 61
39 62
38 63
34 61
35 60
35 62
28 67
27 68
26 69
25 70
24 71
21 74
19 76
18 77
10 77
11 78
12 79
14 79
4 77
1 76
2 77
8 77
9 78
5 78
6 79
81 1
81 3
82 4
87 13
86 14
85 15
84 10
83 9
82 8
83 17
82 18
81 7
81 19
78 8
79 7
80 20
77 23
77 25
71 21
71 33
70 32
70 34
68 36
67 37
66 38
64 38
65 39
61 37
62 40
60 42
59 45
58 46
57 47
56 48
55 49
51 51
50 54
49 55
48 56
47 55
45 59
44 60
41 61
43 61
40 62
39 63
37 63
38 64
33 61
34 62
29 67
28 68
27 69
26 70
25 71
23 71
24 72
21 75
19 77
18 78
10 78
13 79
12 80
15 79
3 77
1 77
2 78
8 78
5 79
7 79
6 80
82 1
82 3
82 5
88 13
87 12
87 14
86 15
85 16
85 10
84 9
83 8
82 7
84 17
83 18
82 19
80 7
81 6
80 21
78 23
77 24
78 25
72 33
71 32
71 34
70 35
69 36
68 37
67 38
66 39
63 38
64 39
65 40
62 37
62 41
60 43
60 45
59 44
58 47
56 49
54 49
55 50
52 51
51 54
50 55
49 56
48 57
46 59
45 60
44 61
41 62
43 62
40 63
39 64
36 63
38 65
33 62
34 63
29 68
28 69
27 70
26 71
25 72
22 71
23 72
22 75
21 76
18 79
10 79
12 81
3 78
2 79
8 79
4 79
5 80
7 80
6 81
83 1
83 3
83 5
82 6
89 13
88 12
88 14
87 11
87 15
86 16
85 17
86 10
84 8
83 7
82 20
81 21
80 22
79 23
78 24
79 25
78 26
73 33
71 31
71 35
70 36
67 39
66 40
63 39
64 40
62 36
63 41
62 42
61 43
60 44
61 45
60 46
59 47
58 48
57 49
56 50
54 50
55 51
53 51
52 52
52 54
50 56
49 57
48 58
46 60
44 62
42 62
41 63
43 63
40 64
39 65
36 64
37 65
38 66
32 62
34 64
29 69
22 72
23 73
23 75
22 76
21 77
17 79
19 79
10 80
13 81
12 82
3 79
4 80
5 81
7 81
6 82
84 1
84 5
83 6
90 13
89 12
89 14
88 15
86 11
87 10
86 9
85 8
84 7
83 20
82 21
81 22
79 22
80 23
79 24
79 26
78 27
74 33
73 32
73 34
71 30
71 36
70 37
68 39
66 41
63 36
62 43
61 44
62 45
61 46
60 47
59 48
58 49
56 51
53 50
55 52
53 52
52 53
53 54
51 56
50 57
49 58
47 58
48 59
47 60
46 61
45 62
42 63
41 64
43 64
39 66
35 64
37 66
38 67
32 63
33 64
34 65
30 69
29 70
24 75
23 76
21 78
20 79
19 80
9 80
10 81
14 81
13 82
5 82
8 81
7 82
6 83
85 1
84 2
85 5
84 4
84 6
91 13
90 12
90 14
89 11
88 16
85 7
84 20
82 22
81 23
80 24
77 27
78 28
75 33
74 32
74 34
73 31
70 30
72 36
70 38
69 39
66 42
63 35
63 43
63 45
62 46
61 47
59 49
58 50
57 51
56 52
55 53
54 54
53 55
51 57
50 58
49 59
48 60
47 61
46 62
45 63
42 64
43 65
40 66
39 67
35 65
37 67
38 68
32 64
34 66
30 70
29 71
25 75
24 74
23 77
22 78
21 79
20 80
10 82
15 81
14 82
13 83
4 82
5 83
8 82
7 83
6 84
85 2
86 5
85 4
91 12
91 14
90 11
90 15
89 16
88 17
86 7
84 19
84 21
83 22
82 23
81 24
77 28
78 29
76 33
75 32
75 34
74 31
74 35
73 30
73 36
72 37
71 38
70 39
69 40
65 42
67 42
66 43
63 44
63 46
62 47
60 49
58 51
54 53
55 54
53 56
52 57
51 58
50 59
49 60
48 61
47 62
46 63
45 64
42 65
44 65
41 66
40 67
39 68
36 67
37 68
31 64
32 65
33 66
34 67
31 70
30 71
28 71
29 72
26 75
25 74
24 77
23 78
20 81
9 82
16 81
15 82
14 83
13 84
3 82
5 84
7 84
6 85
85 3
87 5
86 4
86 6
91 11
92 14
91 15
90 10
90 16
89 17
88 18
87 7
85 19
85 21
83 23
81 25
77 29
79 29
78 30
77 33
76 32
76 34
75 31
75 35
74 30
74 36
71 39
70 40
69 41
64 42
65 43
67 43
66 44
64 44
64 46
63 47
62 48
61 49
60 50
59 51
58 52
56 54
55 55
54 56
53 57
52 58
50 60
49 61
48 62
47 63
46 64
45 65
42 66
44 66
41 67
40 68
39 69
35 67
36 68
37 69
31 65
33 67
31 71
30 72
28 72
26 74
26 76
25 77
24 78
23 79
21 81
20 82
9 83
17 81
16 80
16 82
14 84
13 85
2 82
3 81
4 84
5 85
7 85
88 5
87 4
87 6
92 11
92 15
91 16
90 17
89 18
87 18
88 7
87 8
86 19
86 21
85 22
81 26
79 30
78 31
78 33
77 32
76 31
75 30
75 36
74 29
74 37
71 40
70 41
69 42
65 44
67 44
66 45
62 49
60 51
56 55
54 57
53 58
52 59
47 64
46 65
45 66
42 67
41 68
40 69
39 70
37 70
30 65
31 66
32 67
33 68
32 71
31 72
27 72
28 73
27 74
26 73
27 76
26 77
22 81
21 82
20 83
9 84
17 82
16 83
15 84
12 85
13 86
1 82
2 83
3 84
4 85
5 86
8 85
89 5
88 6
87 3
92 10
93 15
91 17
90 18
86 18
87 19
89 7
88 8
87 21
85 23
82 26
81 27
80 30
79 31
79 33
78 34
76 36
75 37
74 38
72 40
71 41
70 42
69 43
65 45
68 44
67 45
63 49
57 55
56 56
55 57
54 58
53 59
52 60
48 64
47 65
43 67
42 68
40 70
38 70
39 71
37 71
30 66
33 69
32 72
31 73
27 73
28 74
28 76
27 77
26 78
23 81
22 80
22 82
10 84
9 85
18 82
16 84
15 85
13 87
1 81
1 83
2 84
3 85
4 86
90 5
89 4
89 6
88 3
87 2
93 10
92 9
94 15
93 16
87 20
88 9
88 21
85 24
82 27
80 27
81 28
80 31
79 32
80 33
79 34
77 36
76 37
75 38
73 38
71 42
70 43
69 44
68 45
58 55
55 58
54 59
53 60
52 61
49 64
47 66
43 68
40 71
38 71
39 72
37 72
32 69
34 69
33 70
33 72
32 73
31 74
29 74
28 75
29 76
28 77
27 78
26 79
24 81
23 82
22 83
11 84
10 85
16 85
12 87
14 87
13 88
1 80
1 84
4 87
91 5
90 4
90 6
89 3
94 10
91 9
92 8
95 15
94 14
94 16
89 21
88 22
84 24
86 24
85 25
83 27
82 28
81 29
81 31
80 32
80 34
79 35
78 36
77 35
77 37
76 38
75 39
73 39
72 42
71 43
70 44
69 45
68 46
58 54
55 59
54 60
53 61
51 61
52 62
50 64
48 66
44 68
43 69
41 71
38 72
36 72
34 70
34 72
30 74
31 75
29 75
29 77
28 78
27 79
25 81
24 80
24 82
23 83
11 83
10 86
17 85
16 86
15 87
14 88
13 89
1 85
3 87
4 88
90 3
89 2
95 10
94 9
94 11
93 8
92 7
96 15
95 14
95 16
94 17
90 21
89 20
89 22
88 23
84 25
86 25
85 26
84 27
83 28
82 29
82 31
81 32
81 34
80 35
79 36
78 37
77 38
76 39
75 40
73 42
71 44
70 45
59 54
56 59
54 61
51 62
52 63
51 64
50 63
50 65
49 66
48 67
44 69
42 71
41 72
38 73
35 72
36 73
34 71
32 75
30 77
29 78
28 79
25 80
24 83
23 84
11 86
10 87
16 87
15 88
14 89
12 89
13 90
1 86
2 87
5 88
91 3
90 2
95 9
95 11
94 8
93 7
92 6
96 14
96 16
95 17
94 18
91 21
90 20
89 23
87 23
84 26
86 26
85 27
84 28
83 29
82 30
83 31
82 32
82 34
81 35
79 37
78 38
77 39
76 40
74 40
75 41
74 42
73 41
73 43
72 44
71 45
60 54
59 53
57 59
56 60
55 61
54 62
50 62
51 63
52 64
50 66
49 67
45 69
43 71
42 70
42 72
41 73
35 71
35 73
36 74
33 75
32 76
25 83
24 84
23 85
9 87
10 88
17 87
16 88
15 89
14 90
12 90
13 91
2 86
1 87
6 88
5 89
92 3
91 2
90 1
96 9
95 8
96 11
95 12
94 7
93 6
97 14
97 16
96 17
93 18
94 19
91 20
90 23
87 26
86 27
85 28
84 29
83 30
84 31
82 33
81 36
80 37
77 40
76 41
74 41
75 42
74 43
72 45
71 46
61 54
60 53
60 55
57 58
57 60
56 61
55 62
54 63
53 64
52 65
49 68
46 69
45 70
43 72
42 73
41 74
37 74
36 75
34 75
33 74
33 76
32 77
26 83
25 84
22 85
23 86
8 87
9 88
11 88
18 87
17 88
15 90
14 91
11 90
12 91
13 92
1 88
7 88
6 87
5 90
93 3
92 2
91 1
96 8
95 7
97 11
96 12
94 6
98 14
97 17
92 18
95 19
94 20
92 20
91 19
91 23
90 24
87 27
85 29
85 31
84 32
83 33
82 36
81 37
80 38
77 41
76 42
75 43
74 44
73 45
72 46
71 47
62 54
61 53
61 55
60 56
58 58
58 60
57 61
56 62
55 63
54 64
53 65
52 66
50 68
49 69
47 69
46 68
45 71
44 72
43 73
42 74
40 74
41 75
37 75
35 75
36 76
34 74
34 76
33 77
27 83
26 82
26 84
21 85
24 86
23 87
7 87
8 88
18 86
18 88
17 89
15 91
10 90
11 91
13 93
7 89
4 90
6 90
5 91
94 3
93 2
93 4
92 1
97 8
96 7
95 6
98 11
97 10
97 12
94 5
98 13
98 15
98 17
95 20
93 20
94 21
91 24
90 25
88 27
86 29
85 30
83 36
82 37
80 39
78 41
77 42
76 43
75 44
74 45
73 46
71 48
63 54
62 53
61 52
61 56
59 56
59 58
58 57
59 60
58 61
57 62
55 64
54 65
52 67
50 69
48 69
47 68
47 70
46 67
46 71
44 73
42 75
39 74
40 75
41 76
38 75
37 76
35 76
36 77
34 77
28 83
27 82
27 84
21 84
25 86
22 87
23 88
8 89
19 86
19 88
18 89
17 90
16 91
9 90
11 92
12 93
14 93
7 90
4 91
6 91
5 92
94 2
94 4
93 1
98 8
97 7
95 5
98 12
98 18
95 21
93 21
94 22
91 25
90 26
88 28
87 29
86 30
84 36
83 35
82 38
81 39
80 40
79 41
77 43
75 45
73 47
72 48
64 54
63 55
62 56
61 57
59 57
60 58
59 59
59 61
58 62
56 64
54 66
51 67
53 67
52 68
51 69
48 70
47 71
46 72
45 73
44 74
43 75
42 76
39 75
40 76
41 77
37 77
35 77
36 78
29 83
28 82
27 81
27 85
26 86
24 88
8 90
19 85
20 88
19 89
18 90
17 91
10 92
11 93
14 94
7 91
3 91
4 92
5 93
95 2
94 1
95 4
98 7
98 9
97 6
96 5
98 19
96 21
95 22
94 23
92 25
91 26
89 26
90 27
89 28
88 29
87 30
85 36
84 35
84 37
83 38
82 39
80 41
78 43
75 46
73 48
72 49
65 54
64 53
64 55
62 57
61 58
60 59
59 62
56 65
55 66
54 67
53 68
52 69
51 70
48 71
47 72
46 73
44 75
43 76
39 76
37 78
35 78
36 79
30 83
29 82
29 84
28 81
28 85
27 86
26 87
25 88
8 91
19 84
20 87
20 89
18 91
10 93
11 94
15 94
14 95
2 91
3 92
6 93
5 94
96 2
96 4
98 6
97 5
97 19
98 20
96 22
93 23
94 24
93 25
92 26
91 27
89 29
88 30
86 36
85 35
85 37
84 38
83 39
82 40
80 42
76 46
74 48
73 49
72 50
66 54
65 53
64 56
61 59
60 62
59 63
57 65
55 67
54 68
53 69
49 71
48 72
47 73
46 74
45 75
43 77
39 77
38 78
35 79
36 80
31 83
29 81
29 85
28 86
26 88
8 92
18 84
21 89
20 90
18 92
9 93
11 95
16 94
15 95
13 95
14 96
1 91
2 90
2 92
6 94
4 94
5 95
97 2
96 1
96 3
98 5
98 21
96 23
93 24
95 24
94 25
93 26
92 27
91 28
90 29
89 30
88 31
87 36
86 35
86 37
85 34
85 38
84 39
82 41
81 42
80 43
77 46
76 47
75 48
74 49
73 50
71 50
72 51
67 54
66 55
65 52
65 56
64 57
62 59
61 60
60 63
59 64
58 65
57 66
56 67
54 69
48 73
47 74
46 75
44 77
43 78
38 79
34 79
35 80
37 80
32 83
31 82
31 84
29 80
30 85
29 86
28 87
27 88
26 89
22 89
21 90
20 91
19 92
10 95
11 96
17 94
16 93
16 95
15 96
13 96
14 97
2 93
7 94
6 95
3 94
97 1
97 3
98 4
98 22
97 23
96 24
95 25
91 29
90 30
89 31
88 32
86 34
85 33
84 40
83 41
82 42
81 43
80 44
77 45
77 47
76 48
73 51
70 50
71 51
72 52
66 56
66 52
65 57
64 58
63 59
62 60
61 63
60 64
58 64
59 65
56 68
54 70
48 74
47 75
46 76
42 78
43 79
39 79
38 80
33 79
35 81
37 81
33 83
32 82
32 84
31 81
31 85
29 87
28 88
27 89
26 90
20 92
9 95
10 96
12 96
11 97
17 93
17 95
16 96
15 97
13 97
14 98
2 94
7 95
6 96
3 95
98 1
98 3
98 23
97 24
95 26
92 29
91 30
89 32
87 32
87 34
86 33
84 41
82 43
81 44
78 45
78 47
77 48
76 49
73 52
69 50
71 52
72 53
67 56
66 57
67 52
66 51
65 58
63 58
63 60
62 61
62 63
60 65
59 66
57 68
56 69
55 70
54 71
49 74
44 79
43 80
39 80
38 81
32 79
33 80
35 82
37 82
34 83
33 84
32 81
32 85
31 86
30 87
29 88
28 89
27 90
26 91
21 92
20 93
8 95
9 96
12 97
11 98
18 95
17 96
16 97
15 98
1 94
2 95
6 97
3 96
97 25
95 27
93 29
92 30
90 32
89 33
86 32
87 33
88 34
84 42
83 43
82 44
79 47
77 49
76 50
74 52
73 53
68 50
69 49
69 51
70 52
71 53
72 54
68 56
67 51
65 59
63 61
62 62
63 63
62 64
61 65
59 67
58 68
57 69
55 71
53 71
54 72
50 74
49 75
45 79
44 80
42 80
39 81
38 82
31 79
32 80
34 82
36 82
35 83
34 84
33 85
32 86
30 88
29 89
25 91
26 92
22 92
21 93
20 94
8 96
9 97
12 98
10 98
19 95
18 96
17 97
16 98
1 95
5 97
7 97
6 98
4 96
3 97
97 26
96 27
94 29
93 28
93 30
92 31
91 32
90 33
89 34
88 35
84 43
83 44
82 45
80 47
79 46
79 48
78 49
77 50
75 50
76 51
75 52
74 53
68 49
68 51
69 48
69 52
70 53
71 54
72 55
69 56
68 57
66 59
64 61
63 62
64 63
63 64
61 66
58 67
60 67
59 68
58 69
55 72
52 71
54 73
51 74
50 73
49 76
46 79
45 78
44 81
41 80
40 81
39 82
38 83
30 79
31 78
36 83
35 84
34 85
33 86
30 89
29 90
24 91
27 92
26 93
23 92
22 91
22 93
21 94
19 94
20 95
9 98
17 98
1 96
4 97
5 98
7 98
3 98
97 27
95 29
94 28
94 30
91 33
90 34
89 35
84 44
81 47
80 46
80 48
78 50
77 51
75 51
76 52
75 53
74 54
67 49
68 48
69 47
69 53
70 54
71 55
72 56
70 56
69 55
69 57
68 58
67 59
66 60
65 61
64 62
65 63
63 65
62 66
60 68
59 69
56 72
55 73
53 73
52 74
51 73
51 75
50 72
50 76
47 79
46 78
46 80
44 82
41 81
40 82
39 83
38 84
36 84
34 86
31 89
30 90
29 91
23 91
24 90
24 92
28 92
27 93
25 93
26 94
23 93
22 94
21 95
8 98
18 98
1 97
4 98
2 98
98 27
97 28
96 29
94 31
92 33
91 34
89 36
85 44
84 45
81 48
80 49
78 51
77 52
76 53
75 54
74 55
67 48
68 53
69 54
70 55
72 57
67 58
67 60
66 61
65 62
66 63
65 64
64 65
63 66
62 67
60 69
59 70
57 72
56 73
53 74
50 77
48 79
47 78
46 81
43 82
45 82
44 83
41 82
40 83
39 84
37 84
38 85
36 85
35 86
32 89
31 90
30 91
28 91
29 92
23 90
28 93
27 94
25 94
26 95
21 96
19 98
97 29
96 30
95 31
94 32
92 34
91 35
90 36
89 37
85 45
84 46
81 49
80 50
78 52
76 54
74 56
66 48
67 47
73 57
72 58
68 60
67 61
66 62
67 63
66 64
65 65
64 66
63 67
62 68
61 69
60 70
59 71
58 72
57 71
57 73
56 74
53 75
51 77
50 78
49 79
48 78
48 80
42 82
43 83
41 83
40 84
39 85
36 86
35 87
32 88
32 90
31 91
30 92
28 94
27 95
25 95
26 96
22 96
21 97
20 98
19 97
98 29
97 30
95 32
93 32
93 34
92 35
91 36
90 37
88 37
89 38
83 46
84 47
82 49
80 51
79 52
78 53
75 56
74 57
65 48
66 47
73 58
71 58
72 59
69 60
68 61
67 62
68 63
65 66
64 67
63 68
62 69
61 70
58 71
58 73
57 74
56 75
53 76
51 78
49 78
50 79
48 77
48 81
42 83
43 84
39 86
37 86
36 87
35 88
33 88
33 90
32 91
31 92
30 93
27 96
24 95
25 96
26 97
23 96
22 97
20 97
21 98
98 30
96 32
95 33
94 34
93 35
92 36
91 37
90 38
83 47
85 47
84 48
83 49
82 50
81 51
80 52
79 53
78 54
75 57
74 58
64 48
65 47
65 49
73 59
70 58
71 59
72 60
70 60
69 59
68 62
69 63
68 64
66 66
64 68
63 69
62 70
61 71
59 73
55 75
56 76
54 76
53 77
52 78
48 82
43 85
40 86
39 87
37 87
36 88
34 88
35 89
34 90
32 92
31 93
28 96
23 95
24 96
25 97
23 97
96 33
95 34
93 36
92 37
90 39
83 48
86 47
85 48
84 49
82 51
81 52
80 53
76 57
73 60
70 59
71 60
72 61
70 61
69 62
70 63
68 65
67 66
66 67
65 68
64 69
63 70
61 72
60 73
55 76
57 76
54 77
53 78
52 79
47 82
49 82
48 83
42 85
44 85
43 86
41 86
38 87
39 88
37 88
34 89
35 90
34 91
33 92
31 94
29 96
28 97
24 97
25 98
23 98
96 34
95 35
94 36
93 37
92 38
91 39
90 40
87 47
86 48
85 49
84 50
83 51
82 52
81 53
80 54
77 57
76 58
74 60
73 61
71 63
69 65
68 66
65 69
63 71
60 72
62 72
61 73
57 77
54 78
53 79
52 80
50 82
48 84
41 85
42 86
45 85
44 86
41 87
40 88
37 89
35 91
34 92
32 94
31 95
30 96
29 97
24 98
94 37
93 38
91 40
90 41
88 47
87 46
87 48
86 49
85 50
84 51
83 52
80 55
78 57
77 56
77 58
76 59
75 60
71 64
70 65
68 67
64 71
61 74
58 77
57 78
55 78
54 79
51 80
51 82
50 81
50 83
47 84
49 84
48 85
42 87
46 85
45 86
41 88
38 89
36 91
34 93
33 94
32 95
30 97
29 98
95 37
93 39
92 40
89 41
89 47
88 46
88 48
87 45
86 50
84 52
83 53
79 55
80 56
79 57
78 56
77 55
75 59
76 60
72 64
70 66
65 71
64 72
62 74
61 75
59 77
58 78
56 78
57 79
55 79
54 80
52 82
50 84
46 84
48 86
42 88
46 86
45 87
37 91
36 92
35 93
34 94
33 95
31 97
30 98
95 38
93 40
92 41
88 41
90 47
89 46
89 48
88 45
87 44
87 50
86 51
85 52
83 54
81 56
80 57
79 58
77 60
73 64
72 65
70 67
64 73
62 75
61 76
60 77
59 78
58 79
56 79
57 80
55 80
54 81
53 82
52 83
51 84
50 85
47 86
49 86
45 88
38 91
37 92
36 93
35 94
34 95
32 97
31 98
96 38
95 39
94 40
93 41
87 41
88 40
88 42
91 47
90 46
90 48
89 45
89 49
88 50
87 51
86 52
85 53
82 54
84 54
83 55
81 57
79 59
78 60
74 64
73 63
72 66
71 67
70 68
65 73
64 74
62 76
61 77
60 78
59 79
58 80
57 81
55 81
53 81
54 82
53 83
52 84
51 85
47 87
49 87
44 88
46 88
39 91
38 92
36 94
35 95
34 96
32 98
97 38
96 39
95 40
94 41
93 42
87 40
88 39
88 43
92 47
91 46
90 49
89 44
89 50
87 52
86 53
85 54
82 55
84 55
83 56
82 57
81 58
78 59
80 59
79 60
78 61
75 64
74 63
74 65
73 66
72 67
71 68
69 68
70 69
66 73
65 74
64 75
62 77
61 78
58 81
56 81
57 82
54 83
53 84
51 86
47 88
50 87
49 88
44 89
46 89
40 91
39 90
39 92
38 93
37 94
36 95
35 96
34 97
98 38
97 37
97 39
96 40
95 41
94 42
86 40
87 39
89 43
93 47
92 46
92 48
91 49
90 50
90 44
88 52
87 53
83 57
82 58
81 59
80 60
79 61
78 62
76 64
75 63
75 65
74 66
73 67
72 68
71 69
69 69
70 70
67 73
66 72
66 74
65 75
63 77
62 78
61 79
58 82
56 82
57 83
54 84
53 85
52 86
51 87
48 88
47 89
50 88
49 89
43 89
44 90
41 91
40 90
40 92
37 95
36 96
35 97
34 98
98 37
97 36
97 40
96 41
94 43
86 39
90 43
93 46
93 48
92 45
92 49
91 50
90 51
91 44
89 52
88 53
87 54
84 57
83 58
82 59
81 60
79 62
77 62
78 63
77 64
76 63
76 65
75 62
75 66
73 68
72 69
68 69
70 71
68 73
67 72
65 76
64 77
63 78
62 79
61 80
57 84
54 85
52 87
51 88
48 89
47 90
50 89
49 90
43 90
44 91
42 91
41 90
41 92
40 93
38 95
36 97
35 98
98 36
96 36
97 35
98 40
96 42
95 43
94 44
91 43
93 45
94 48
93 49
92 44
92 50
90 52
88 54
87 55
85 57
83 59
81 61
80 62
79 63
76 62
77 63
78 64
77 65
75 67
74 68
73 69
72 70
67 69
68 70
69 71
71 71
70 72
69 73
68 72
67 71
66 76
65 77
64 78
63 79
62 80
60 80
61 81
56 84
55 85
54 86
53 87
52 88
51 89
48 90
47 91
42 90
43 91
45 91
44 92
42 92
41 93
39 95
38 96
37 97
36 98
98 35
98 41
97 42
96 43
95 44
94 45
92 43
91 42
95 48
94 49
92 51
91 52
89 54
88 55
86 55
87 56
86 57
85 56
85 58
83 60
82 61
81 62
80 63
79 64
77 66
76 67
75 68
74 69
73 70
72 71
69 72
70 73
69 74
67 76
66 77
65 78
63 80
62 81
61 82
54 87
53 88
51 90
48 91
46 91
47 92
43 92
45 92
44 93
42 93
41 94
39 94
39 96
38 97
37 98
98 34
98 42
97 43
96 44
95 45
95 47
95 49
94 50
93 51
91 53
90 54
86 56
86 58
85 59
84 60
82 62
80 64
79 65
78 66
76 68
74 70
73 71
72 72
71 73
70 74
69 75
68 76
67 75
67 77
66 78
64 80
63 81
62 82
60 82
61 83
54 88
53 89
46 92
43 93
44 94
40 96
39 97
38 98
98 33
98 43
96 45
95 46
96 47
96 49
95 50
93 52
92 53
91 54
90 55
87 58
86 59
84 61
83 62
82 63
80 65
79 66
78 67
76 69
75 70
74 71
71 74
70 75
68 75
68 77
67 78
66 79
65 80
64 81
63 82
60 83
61 84
54 89
53 90
43 94
45 94
44 95
41 96
39 98
98 32
98 44
97 45
97 47
97 49
96 50
95 51
94 52
92 54
90 56
88 58
87 59
86 60
83 63
82 64
81 65
79 67
78 68
77 69
75 71
74 72
72 74
68 78
67 79
66 80
65 81
64 82
59 83
60 84
62 84
54 90
53 91
43 95
46 94
45 95
44 96
42 96
41 97
40 98
97 48
98 49
93 54
92 55
89 56
91 56
90 57
89 58
88 57
88 59
87 60
86 61
83 64
82 65
79 68
78 69
77 70
76 71
74 73
73 74
72 75
69 78
68 79
67 80
66 81
65 82
64 83
60 85
63 84
62 85
55 90
54 91
52 91
53 92
42 95
43 96
46 95
45 96
42 97
41 98
98 50
92 56
89 57
91 57
90 58
89 59
88 60
87 61
86 62
83 65
82 66
80 68
79 69
76 72
73 73
75 73
73 75
70 78
68 80
67 81
66 82
65 83
64 84
59 85
60 86
63 85
62 86
56 90
54 92
52 92
53 93
43 97
42 98
98 51
93 56
92 57
91 58
90 59
89 60
88 61
87 62
85 62
86 63
83 66
82 67
80 69
79 70
77 72
76 73
75 74
74 75
71 78
70 77
70 79
68 81
67 82
66 83
65 84
58 85
59 86
61 86
60 87
57 90
56 89
56 91
55 92
54 93
51 92
52 93
53 94
97 51
98 52
93 57
92 58
90 60
89 61
88 62
85 63
86 64
84 66
83 67
81 67
82 68
81 69
80 70
79 71
78 72
76 74
75 75
74 76
71 77
71 79
68 82
67 83
65 85
58 86
59 87
61 87
60 88
58 90
57 91
56 92
54 94
50 92
51 93
53 95
98 53
94 57
93 58
92 59
90 61
89 62
88 63
85 64
87 64
86 65
85 66
84 67
83 68
82 69
81 70
80 71
78 71
79 72
77 74
76 75
75 76
72 77
72 79
71 80
69 82
67 84
66 85
65 86
57 86
58 87
59 88
61 88
60 89
59 90
58 89
58 91
57 92
56 93
55 94
54 95
49 92
50 91
51 94
97 53
94 58
92 60
91 61
90 62
89 63
88 64
85 65
87 65
86 66
83 69
81 71
80 72
79 73
78 74
77 75
76 76
75 77
73 77
72 80
71 81
70 82
69 83
64 86
56 86
57 87
58 88
62 88
61 89
58 92
57 93
55 95
54 96
49 93
50 94
51 95
97 54
94 59
93 60
92 61
91 62
90 63
89 64
88 65
86 67
79 74
78 75
77 76
76 77
73 80
72 81
70 81
71 82
69 84
56 87
57 88
62 89
59 92
58 93
56 95
55 96
54 97
49 94
50 95
51 96
96 54
97 55
95 59
94 60
93 61
92 62
91 63
90 64
89 65
88 66
87 67
86 68
80 74
79 75
78 76
77 77
74 80
73 81
72 82
71 83
70 84
62 90
58 94
57 95
55 97
54 98
48 94
49 95
51 97
95 54
96 55
97 56
96 59
95 60
94 61
93 62
92 63
91 64
89 66
88 67
85 68
86 69
80 75
79 76
78 77
77 78
75 80
74 79
74 81
72 83
70 85
63 90
62 91
59 94
58 95
57 96
53 98
48 95
49 96
50 97
52 97
95 53
96 56
96 58
94 62
93 63
92 64
91 65
90 66
89 67
88 68
85 69
87 69
79 77
78 78
76 80
75 79
75 81
74 82
72 84
70 86
64 90
63 91
62 92
60 94
59 95
58 96
57 97
52 98
48 96
49 97
50 98
95 56
96 57
94 63
93 64
92 65
91 66
90 67
87 70
80 77
79 78
77 80
76 79
75 82
73 84
69 86
71 86
70 87
64 89
64 91
63 92
61 92
61 94
59 96
58 97
57 98
47 96
48 97
49 98
95 63
94 64
93 65
92 66
91 67
90 68
88 70
87 71
81 77
80 78
79 79
78 80
76 82
75 83
74 84
73 85
68 86
69 87
72 86
65 89
64 88
64 92
61 93
59 97
58 98
47 97
96 63
95 64
94 65
93 66
92 67
91 68
90 69
89 70
86 71
87 72
82 77
81 76
81 78
80 79
79 80
78 81
77 82
75 84
74 85
73 86
67 86
68 85
68 87
69 88
72 87
66 89
65 88
64 93
60 97
59 98
46 97
97 63
96 62
96 64
95 65
94 66
92 68
89 69
90 70
89 71
85 71
86 72
88 72
87 73
83 77
82 78
81 79
80 80
78 82
77 83
76 84
75 85
74 86
73 87
67 87
68 88
72 88
67 89
64 94
61 97
60 98
46 98
98 63
97 62
97 64
96 65
93 68
91 70
90 71
89 72
85 72
86 73
88 73
87 74
84 77
83 76
83 78
81 80
80 81
79 82
77 84
76 85
74 87
73 88
66 87
68 89
71 88
72 89
67 90
63 94
64 95
61 96
45 98
98 62
98 64
97 61
96 66
94 68
92 70
91 71
90 72
89 73
84 72
85 73
86 74
88 74
87 75
85 77
83 75
83 79
82 80
81 81
80 82
78 84
77 85
76 86
75 87
74 88
73 89
71 89
72 90
67 91
63 95
65 95
64 96
62 96
44 98
98 65
97 66
96 67
94 69
93 70
91 72
83 72
85 74
88 75
86 77
85 76
85 78
84 75
83 74
84 79
82 81
80 83
77 86
76 87
74 89
73 90
71 90
72 91
68 91
67 92
62 95
66 95
65 96
64 97
98 66
97 67
95 67
96 68
95 69
94 70
91 73
82 72
83 71
83 73
84 74
85 75
89 75
88 76
87 77
85 79
84 80
82 82
80 84
78 86
77 87
76 88
75 89
74 90
70 90
71 91
72 92
69 91
66 92
67 95
66 96
65 97
98 67
97 68
96 69
94 71
92 73
82 73
90 75
88 77
87 78
86 79
84 81
83 82
82 83
81 84
80 85
79 86
76 89
74 91
69 90
70 91
71 92
72 93
66 93
68 95
67 94
67 96
65 98
98 68
93 73
92 74
91 75
90 74
89 77
88 78
87 79
86 80
85 81
83 83
82 84
81 85
79 85
79 87
75 91
74 92
70 92
71 93
73 93
72 94
69 95
68 94
67 97
66 98
98 69
94 73
93 72
93 74
92 75
91 76
90 77
89 78
86 81
84 83
83 84
82 85
81 86
80 87
79 88
76 91
75 92
71 94
73 94
72 95
70 95
69 94
67 98
94 74
93 75
92 76
91 77
89 79
87 81
86 82
85 83
84 84
83 85
82 86
81 87
80 88
78 88
79 89
75 93
70 94
74 94
73 95
72 96
69 93
68 98
95 74
94 75
93 76
90 79
89 80
88 81
87 82
86 83
84 85
82 87
80 89
78 89
79 90
76 93
74 95
73 96
71 96
72 97
69 98
95 75
94 76
93 77
91 79
88 80
88 82
87 83
86 84
85 85
83 87
82 88
81 89
80 90
78 90
79 91
77 93
76 94
75 95
74 96
73 97
71 97
72 98
70 98
69 97
96 75
95 76
94 77
93 78
92 79
91 80
88 83
87 84
85 86
84 87
83 88
82 89
81 90
77 90
78 91
79 92
78 93
77 94
76 95
75 96
97 75
92 78
93 79
91 81
89 83
88 84
86 86
84 88
83 89
82 90
81 91
80 92
78 94
77 95
76 96
75 97
97 74
97 76
94 79
93 80
90 81
91 82
90 83
89 84
88 85
87 86
86 87
83 90
82 91
81 92
80 93
76 97
75 98
98 74
97 73
98 76
95 79
93 81
90 82
92 82
91 83
89 85
88 86
87 87
86 88
83 91
82 92
81 93
80 94
77 97
76 98
74 98
98 73
97 72
98 77
96 79
95 78
93 82
92 83
91 84
89 86
88 87
87 88
86 89
83 92
82 93
80 95
78 97
77 98
96 72
98 78
97 79
96 78
96 80
94 82
93 83
92 84
91 85
90 86
89 87
88 88
87 89
86 90
83 93
79 95
81 95
80 96
79 97
78 96
78 98
95 72
96 71
98 79
96 77
96 81
95 82
94 83
93 84
92 85
91 86
90 87
87 90
85 90
86 91
84 93
83 94
79 96
82 95
81 96
79 98
98 80
97 81
95 83
94 84
92 86
90 88
87 91
85 91
86 92
85 93
84 94
82 96
81 97
80 98
98 81
97 82
95 84
93 86
92 87
91 88
90 89
88 91
87 92
85 92
86 93
85 94
84 95
83 96
82 97
81 98
98 82
97 83
96 84
95 85
94 86
93 87
92 88
89 89
90 90
88 92
87 93
86 94
85 95
84 96
83 97
82 98
97 84
96 85
95 86
92 89
89 90
91 90
89 92
88 93
86 95
83 98
98 84
97 85
96 86
93 89
90 92
89 93
88 94
87 95
84 98
98 85
91 92
90 93
89 94
88 95
85 98
98 86
92 92
91 93
90 94
89 95
88 96
86 98
85 97
98 87
93 92
92 91
91 94
90 95
89 96
88 97
87 98
97 87
98 88
93 91
93 93
91 95
90 96
87 97
88 98
98 89
94 91
92 95
90 97
89 98
97 89
94 90
93 95
91 97
90 98
96 89
95 90
94 95
96 90
95 95
94 94
94 96
96 91
